3 0.8046666666666666 0.098 0.052 0.042
3 0.518 0.216 0.024666666666666667 0.028
2 0.8393333333333334 0.3466666666666667 0.004 0.006666666666666667
2 0.7686666666666667 0.31 0.007333333333333333 0.006
2 0.786 0.3 0.008 0.0033333333333333335
2 0.76 0.298 0.004666666666666667 0.006
2 0.7886666666666666 0.27 0.008 0.004
2 0.7873333333333333 0.24466666666666667 0.009333333333333334 0.0026666666666666666
2 0.7353333333333333 0.25066666666666665 0.008 0.0033333333333333335
2 0.8066666666666666 0.208 0.006666666666666667 0.0033333333333333335
2 0.6693333333333333 0.272 0.004 0.006666666666666667
2 0.6593333333333333 0.2833333333333333 0.011333333333333334 0.004
2 0.5866666666666667 0.26666666666666666 0.008 0.0033333333333333335
2 0.5273333333333333 0.224 0.0033333333333333335 0.006
2 0.616 0.19866666666666666 0.004666666666666667 0.004
2 0.4706666666666667 0.2793333333333333 0.007333333333333333 0.0033333333333333335
2 0.4646666666666667 0.25266666666666665 0.006666666666666667 0.006
2 0.6146666666666667 0.3293333333333333 0.004666666666666667 0.004666666666666667
2 0.61 0.3273333333333333 0.005333333333333333 0.006666666666666667
2 0.496 0.358 0.006 0.0013333333333333333
2 0.432 0.4593333333333333 0.006 0.006
2 0.15133333333333332 0.494 0.01 0.008
2 0.12666666666666668 0.7473333333333333 0.008666666666666666 0.013333333333333334
2 0.10266666666666667 0.77 0.012666666666666666 0.010666666666666666
2 0.20333333333333334 0.7433333333333333 0.009333333333333334 0.008666666666666666
2 0.644 0.434 0.01 0.006666666666666667
2 0.8333333333333334 0.4013333333333333 0.010666666666666666 0.01
2 0.43 0.848 0.010666666666666666 0.016666666666666666
2 0.7406666666666667 0.10266666666666667 0.007333333333333333 0.0033333333333333335
2 0.952 0.106 0.006 0.0026666666666666666