1 0.40066666666666667 0.7213333333333334 0.3626666666666667 0.25666666666666665
1 0.208 0.576 0.056666666666666664 0.042666666666666665
1 0.23333333333333334 0.6066666666666667 0.038 0.018
1 0.31866666666666665 0.7126666666666667 0.056 0.044
1 0.22866666666666666 0.7146666666666667 0.043333333333333335 0.010666666666666666
1 0.2853333333333333 0.712 0.028 0.025333333333333333
1 0.332 0.93 0.05733333333333333 0.04466666666666667
1 0.368 0.908 0.029333333333333333 0.036
1 0.34 0.906 0.024 0.022
1 0.74 0.6973333333333334 0.062 0.07333333333333333
1 0.7666666666666667 0.692 0.02666666666666667 0.056
1 0.7646666666666667 0.6433333333333333 0.028666666666666667 0.03933333333333333
1 0.76 0.654 0.012 0.020666666666666667
1 0.738 0.6433333333333333 0.03 0.035333333333333335
1 0.732 0.6326666666666667 0.03333333333333333 0.04133333333333333
1 0.6886666666666666 0.606 0.06666666666666667 0.07866666666666666
1 0.6873333333333334 0.6606666666666666 0.06066666666666667 0.029333333333333333
1 0.6673333333333333 0.682 0.027333333333333334 0.025333333333333333
1 0.6946666666666667 0.68 0.024 0.012666666666666666
1 0.6273333333333333 0.648 0.05733333333333333 0.082
1 0.64 0.566 0.024666666666666667 0.024
1 0.63 0.5973333333333334 0.018666666666666668 0.03133333333333333
1 0.61 0.586 0.017333333333333333 0.027333333333333334
1 0.6106666666666667 0.5733333333333334 0.021333333333333333 0.018
1 0.592 0.6713333333333333 0.019333333333333334 0.034
1 0.19666666666666666 0.40066666666666667 0.07 0.04466666666666667