16 0.24933333333333332 0.5693333333333334 0.06666666666666667 0.028
2 0.412 0.5886666666666667 0.028666666666666667 0.004
2 0.42533333333333334 0.632 0.016666666666666666 0.011333333333333334
2 0.25266666666666665 0.5973333333333334 0.012666666666666666 0.008666666666666666
2 0.5866666666666667 0.668 0.03666666666666667 0.02
2 0.5666666666666667 0.686 0.02 0.013333333333333334
2 0.6146666666666667 0.6726666666666666 0.034 0.005333333333333333
2 0.6746666666666666 0.8026666666666666 0.019333333333333334 0.014666666666666666
2 0.764 0.812 0.016666666666666666 0.012
2 0.6906666666666667 0.5773333333333334 0.03266666666666666 0.006666666666666667
2 0.11733333333333333 0.5486666666666666 0.03 0.009333333333333334