19 0.18266666666666667 0.03133333333333333 0.020666666666666667 0.018
19 0.7886666666666666 0.44133333333333336 0.014 0.014
19 0.49133333333333334 0.4746666666666667 0.016 0.017333333333333333
19 0.406 0.486 0.022 0.01
19 0.7126666666666667 0.936 0.018 0.013333333333333334
12 0.572 0.9533333333333334 0.056 0.03133333333333333
23 0.43466666666666665 0.24466666666666667 0.018 0.025333333333333333
12 0.12466666666666666 0.15133333333333332 0.068 0.03266666666666666
2 0.4126666666666667 0.3446666666666667 0.021333333333333333 0.016666666666666666
2 0.8613333333333333 0.536 0.020666666666666667 0.014666666666666666
2 0.017333333333333333 0.6913333333333334 0.026 0.012
2 0.786 0.9686666666666667 0.015333333333333332 0.008666666666666666
2 0.9266666666666666 0.9533333333333334 0.02266666666666667 0.008666666666666666
2 0.5313333333333333 0.886 0.02666666666666667 0.016666666666666666