18 0.226 0.448 0.22066666666666668 0.438
17 0.17533333333333334 0.382 0.33066666666666666 0.3393333333333333
5 0.18666666666666668 0.4573333333333333 0.354 0.4886666666666667
16 0.36466666666666664 0.20466666666666666 0.10666666666666667 0.098
5 0.8333333333333334 0.42933333333333334 0.3313333333333333 0.43933333333333335
17 0.8513333333333334 0.376 0.29533333333333334 0.3313333333333333
18 0.878 0.32866666666666666 0.242 0.20066666666666666
16 0.6833333333333333 0.846 0.08066666666666666 0.15933333333333333
16 0.446 0.9553333333333334 0.2833333333333333 0.088
16 0.04533333333333334 0.5593333333333333 0.09 0.14133333333333334
13 0.436 0.4693333333333333 0.17733333333333334 0.386