5 0.6826666666666666 0.6946666666666667 0.10866666666666666 0.09466666666666666
5 0.8366666666666667 0.07733333333333334 0.06733333333333333 0.05
14 0.466 0.5826666666666667 0.15733333333333333 0.074
18 0.642 0.7666666666666667 0.112 0.11066666666666666
18 0.8233333333333334 0.044 0.043333333333333335 0.08733333333333333
17 0.66 0.74 0.10266666666666667 0.07
17 0.8413333333333334 0.04066666666666666 0.06933333333333333 0.04
4 0.4766666666666667 0.44866666666666666 0.30733333333333335 0.206
4 0.8946666666666667 0.296 0.208 0.22133333333333333
10 0.6253333333333333 0.426 0.04533333333333334 0.04133333333333333
23 0.8433333333333334 0.6886666666666666 0.08266666666666667 0.042666666666666665
2 0.7246666666666667 0.26866666666666666 0.03266666666666666 0.007333333333333333