16 0.31 0.8533333333333334 0.13666666666666666 0.14
16 0.44466666666666665 0.6193333333333333 0.07666666666666666 0.08533333333333333
16 0.4093333333333333 0.4553333333333333 0.06466666666666666 0.07266666666666667
16 0.6706666666666666 0.26066666666666666 0.06933333333333333 0.05266666666666667
16 0.7273333333333334 0.202 0.08 0.068
16 0.9646666666666667 0.8926666666666667 0.06666666666666667 0.136
16 0.2793333333333333 0.36733333333333335 0.036 0.04933333333333333
16 0.5693333333333334 0.262 0.050666666666666665 0.050666666666666665
17 0.054 0.4046666666666667 0.03133333333333333 0.025333333333333333
12 0.028 0.35133333333333333 0.012666666666666666 0.013333333333333334
16 0.2986666666666667 0.22466666666666665 0.050666666666666665 0.04933333333333333
16 0.788 0.342 0.062 0.024