3 0.468 0.6986666666666667 0.206 0.12466666666666666
15 0.556 0.7453333333333333 0.03 0.030666666666666665
2 0.49266666666666664 0.7653333333333333 0.024 0.024
2 0.472 0.7706666666666667 0.011333333333333334 0.018
6 0.47333333333333333 0.17666666666666667 0.11133333333333334 0.07
19 0.44 0.154 0.024 0.008666666666666666
2 0.47533333333333333 0.044 0.012 0.016
2 0.424 0.019333333333333334 0.02266666666666667 0.01
2 0.4106666666666667 0.20266666666666666 0.026 0.012
2 0.4533333333333333 0.17266666666666666 0.032 0.014
23 0.41 0.08066666666666666 0.03666666666666667 0.014
2 0.4053333333333333 0.10133333333333333 0.028 0.013333333333333334