3 0.49133333333333334 0.6146666666666667 0.174 0.042666666666666665
2 0.508 0.504 0.024 0.005333333333333333
2 0.5706666666666667 0.5546666666666666 0.024 0.006666666666666667
2 0.8313333333333334 0.406 0.022 0.005333333333333333
2 0.6393333333333333 0.42133333333333334 0.011333333333333334 0.009333333333333334
2 0.25666666666666665 0.6393333333333333 0.03133333333333333 0.005333333333333333
2 0.506 0.8133333333333334 0.021333333333333333 0.011333333333333334
2 0.952 0.366 0.012 0.007333333333333333
2 0.9586666666666667 0.20133333333333334 0.011333333333333334 0.004
2 0.9466666666666667 0.238 0.016 0.004
2 0.786 0.242 0.013333333333333334 0.004
2 0.7973333333333333 0.252 0.011333333333333334 0.004
2 0.41533333333333333 0.308 0.017333333333333333 0.0026666666666666666
2 0.44333333333333336 0.29333333333333333 0.017333333333333333 0.004666666666666667
2 0.6326666666666667 0.28933333333333333 0.017333333333333333 0.005333333333333333
2 0.5946666666666667 0.278 0.010666666666666666 0.007333333333333333
2 0.4846666666666667 0.28733333333333333 0.006 0.006
2 0.252 0.33666666666666667 0.015333333333333332 0.004666666666666667
2 0.05466666666666667 0.448 0.014 0.008
2 0.12 0.4706666666666667 0.011333333333333334 0.006
2 0.372 0.6433333333333333 0.018666666666666668 0.008
2 0.5033333333333333 0.7186666666666667 0.02 0.012
23 0.728 0.36133333333333334 0.011333333333333334 0.005333333333333333
2 0.228 0.5346666666666666 0.013333333333333334 0.008
2 0.042666666666666665 0.426 0.006 0.007333333333333333