18 0.5406666666666666 0.23933333333333334 0.132 0.03
18 0.4686666666666667 0.12066666666666667 0.12533333333333332 0.008666666666666666
18 0.39866666666666667 0.13 0.05533333333333333 0.14733333333333334
18 0.738 0.5453333333333333 0.04733333333333333 0.16666666666666666
18 0.37933333333333336 0.38333333333333336 0.068 0.12466666666666666
18 0.16533333333333333 0.276 0.07 0.11133333333333334
18 0.43066666666666664 0.7673333333333333 0.11733333333333333 0.032
18 0.42866666666666664 0.5726666666666667 0.07266666666666667 0.1
18 0.21133333333333335 0.272 0.008666666666666666 0.06
18 0.17866666666666667 0.504 0.058666666666666666 0.04666666666666667
18 0.098 0.6453333333333333 0.096 0.03333333333333333
18 0.3993333333333333 0.5246666666666666 0.07866666666666666 0.023333333333333334
18 0.35733333333333334 0.798 0.007333333333333333 0.062
18 0.3566666666666667 0.6646666666666666 0.007333333333333333 0.018
18 0.314 0.8373333333333334 0.096 0.08266666666666667
18 0.3973333333333333 0.8386666666666667 0.03866666666666667 0.06066666666666667
18 0.05333333333333334 0.6393333333333333 0.08133333333333333 0.05533333333333333
18 0.128 0.5846666666666667 0.042666666666666665 0.008
18 0.07133333333333333 0.648 0.092 0.013333333333333334
18 0.13533333333333333 0.6546666666666666 0.016 0.005333333333333333
18 0.4033333333333333 0.578 0.015333333333333332 0.028666666666666667
18 0.19266666666666668 0.2946666666666667 0.012666666666666666 0.020666666666666667
18 0.344 0.43866666666666665 0.06 0.004666666666666667
18 0.13333333333333333 0.768 0.012666666666666666 0.018
16 0.21533333333333332 0.23866666666666667 0.04466666666666667 0.084
16 0.24133333333333334 0.466 0.06866666666666667 0.08866666666666667
16 0.23066666666666666 0.29533333333333334 0.017333333333333333 0.018666666666666668
16 0.356 0.32 0.03133333333333333 0.09466666666666666
13 0.15466666666666667 0.9806666666666667 0.037333333333333336 0.036
23 0.19 0.9773333333333334 0.016 0.014
16 0.34 0.5166666666666667 0.078 0.028
16 0.21666666666666667 0.4146666666666667 0.058 0.06666666666666667
16 0.12466666666666666 0.7433333333333333 0.046 0.016666666666666666
2 0.6866666666666666 0.406 0.018666666666666668 0.020666666666666667
12 0.7413333333333333 0.6086666666666667 0.02 0.012
23 0.7806666666666666 0.4746666666666667 0.09933333333333333 0.062