7 0.29933333333333334 0.09133333333333334 0.4573333333333333 0.18133333333333335
7 0.24133333333333334 0.15533333333333332 0.302 0.18333333333333332
7 0.418 0.388 0.692 0.446
7 0.11866666666666667 0.25733333333333336 0.23733333333333334 0.192
21 0.12133333333333333 0.6873333333333334 0.24266666666666667 0.4146666666666667
16 0.7626666666666667 0.326 0.052 0.027333333333333334
21 0.7746666666666666 0.5133333333333333 0.216 0.11
11 0.20933333333333334 0.6026666666666667 0.414 0.32
11 0.9366666666666666 0.594 0.09266666666666666 0.08266666666666667
11 0.94 0.37866666666666665 0.07266666666666667 0.036
11 0.44733333333333336 0.654 0.13333333333333333 0.056666666666666664
19 0.756 0.274 0.013333333333333334 0.006
18 0.8873333333333333 0.506 0.014 0.028666666666666667
18 0.4013333333333333 0.6226666666666667 0.01 0.018
3 0.5346666666666666 0.622 0.059333333333333335 0.13533333333333333
15 0.5413333333333333 0.682 0.02666666666666667 0.016