13 0.042666666666666665 0.16733333333333333 0.032 0.014
13 0.06733333333333333 0.18466666666666667 0.06133333333333333 0.021333333333333333
13 0.144 0.218 0.04066666666666666 0.029333333333333333
16 0.17666666666666667 0.24133333333333334 0.068 0.06
13 0.32866666666666666 0.392 0.05 0.034
13 0.35 0.462 0.06533333333333333 0.06533333333333333
13 0.39666666666666667 0.43466666666666665 0.112 0.05533333333333333
13 0.33466666666666667 0.43866666666666665 0.07466666666666667 0.034666666666666665
13 0.5273333333333333 0.4746666666666667 0.096 0.06733333333333333
13 0.5533333333333333 0.4013333333333333 0.08733333333333333 0.04533333333333334
16 0.5606666666666666 0.3606666666666667 0.06933333333333333 0.06066666666666667
16 0.664 0.4033333333333333 0.15533333333333332 0.104
16 0.766 0.6186666666666667 0.12266666666666666 0.08733333333333333
16 0.7646666666666667 0.558 0.08266666666666667 0.04933333333333333
16 0.6886666666666666 0.6726666666666666 0.07466666666666667 0.07
16 0.4706666666666667 0.6993333333333334 0.136 0.09133333333333334
16 0.474 0.602 0.18933333333333333 0.16
16 0.43866666666666665 0.498 0.04666666666666667 0.06266666666666666
16 0.368 0.534 0.058 0.052
23 0.47333333333333333 0.4553333333333333 0.04466666666666667 0.035333333333333335
13 0.4593333333333333 0.7846666666666666 0.12 0.06
13 0.5633333333333334 0.6153333333333333 0.07333333333333333 0.06666666666666667
13 0.516 0.6046666666666667 0.08133333333333333 0.07733333333333334
13 0.6446666666666667 0.594 0.116 0.06066666666666667
13 0.822 0.6993333333333334 0.06533333333333333 0.05733333333333333
16 0.7493333333333333 0.7833333333333333 0.06933333333333333 0.03666666666666667
13 0.712 0.8066666666666666 0.06533333333333333 0.06133333333333333
13 0.572 0.7513333333333333 0.156 0.09866666666666667
13 0.732 0.4786666666666667 0.08333333333333333 0.029333333333333333
13 0.7453333333333333 0.32666666666666666 0.048 0.022
13 0.8266666666666667 0.922 0.038 0.029333333333333333
13 0.48133333333333334 0.6226666666666667 0.042666666666666665 0.04666666666666667
13 0.6353333333333333 0.532 0.029333333333333333 0.02266666666666667
13 0.6726666666666666 0.5633333333333334 0.02666666666666667 0.028
13 0.7033333333333334 0.594 0.028 0.027333333333333334