7 0.9266666666666666 0.02 0.144 0.04
3 0.32266666666666666 0.45466666666666666 0.044 0.020666666666666667
2 0.19666666666666666 0.4786666666666667 0.010666666666666666 0.004666666666666667
12 0.7793333333333333 0.524 0.012666666666666666 0.006666666666666667
12 0.37333333333333335 0.47333333333333333 0.007333333333333333 0.006
2 0.246 0.542 0.012666666666666666 0.009333333333333334
23 0.07866666666666666 0.5566666666666666 0.008666666666666666 0.008
10 0.2673333333333333 0.43333333333333335 0.008666666666666666 0.015333333333333332
10 0.546 0.41333333333333333 0.019333333333333334 0.020666666666666667
23 0.532 0.42533333333333334 0.02 0.011333333333333334
2 0.7553333333333333 0.426 0.016666666666666666 0.027333333333333334
2 0.864 0.5073333333333333 0.010666666666666666 0.005333333333333333
12 0.9426666666666667 0.43866666666666665 0.015333333333333332 0.016666666666666666
2 0.38 0.5353333333333333 0.009333333333333334 0.008
23 0.18666666666666668 0.566 0.018 0.011333333333333334
23 0.14466666666666667 0.42933333333333334 0.036 0.017333333333333333
23 0.07866666666666666 0.464 0.011333333333333334 0.008
23 0.08 0.5073333333333333 0.023333333333333334 0.011333333333333334
23 0.314 0.426 0.015333333333333332 0.007333333333333333
1 0.476 0.4746666666666667 0.008 0.006666666666666667
23 0.5126666666666667 0.436 0.010666666666666666 0.007333333333333333