3 0.676 0.30733333333333335 0.074 0.056
15 0.6446666666666667 0.33 0.012 0.01
16 0.7686666666666667 0.21066666666666667 0.059333333333333335 0.036
13 0.588 0.26466666666666666 0.072 0.028666666666666667
13 0.4666666666666667 0.658 0.12 0.09
13 0.2733333333333333 0.7853333333333333 0.06466666666666666 0.05466666666666667
16 0.3913333333333333 0.4746666666666667 0.048 0.042
23 0.71 0.14733333333333334 0.014 0.008666666666666666
23 0.908 0.016666666666666666 0.027333333333333334 0.02266666666666667
23 0.9153333333333333 0.007333333333333333 0.03333333333333333 0.014666666666666666
23 0.458 0.246 0.028666666666666667 0.026
16 0.506 0.7273333333333334 0.059333333333333335 0.06733333333333333