18 0.8206666666666667 0.6166666666666667 0.017333333333333333 0.007333333333333333
2 0.752 0.5806666666666667 0.044 0.064
2 0.4206666666666667 0.9053333333333333 0.034 0.012
2 0.38866666666666666 0.856 0.017333333333333333 0.019333333333333334
2 0.43466666666666665 0.768 0.016 0.009333333333333334
16 0.3586666666666667 0.7626666666666667 0.010666666666666666 0.024666666666666667
23 0.42 0.8633333333333333 0.064 0.07133333333333333
2 0.09866666666666667 0.8253333333333334 0.013333333333333334 0.03
2 0.44133333333333336 0.6826666666666666 0.005333333333333333 0.016666666666666666
2 0.7633333333333333 0.7353333333333333 0.015333333333333332 0.016
2 0.06666666666666667 0.9933333333333333 0.016 0.011333333333333334