14 0.5733333333333334 0.334 0.10066666666666667 0.05466666666666667
12 0.4066666666666667 0.9126666666666666 0.07266666666666667 0.059333333333333335
12 0.4046666666666667 0.9406666666666667 0.044 0.024666666666666667
23 0.5913333333333334 0.7 0.026 0.02
2 0.554 0.8393333333333334 0.026 0.014
2 0.6286666666666667 0.7886666666666666 0.014 0.02
2 0.8646666666666667 0.6793333333333333 0.02266666666666667 0.014666666666666666
2 0.9426666666666667 0.6593333333333333 0.02666666666666667 0.018
2 0.10733333333333334 0.508 0.022 0.016666666666666666
2 0.014 0.4886666666666667 0.022 0.01
2 0.24866666666666667 0.35733333333333334 0.007333333333333333 0.018