16 0.050666666666666665 0.17066666666666666 0.048666666666666664 0.021333333333333333
10 0.16066666666666668 0.5486666666666666 0.094 0.11133333333333334
13 0.10933333333333334 0.47933333333333333 0.037333333333333336 0.04
16 0.238 0.6146666666666667 0.08933333333333333 0.08
16 0.3293333333333333 0.62 0.16933333333333334 0.12733333333333333
16 0.434 0.6633333333333333 0.092 0.136
16 0.362 0.848 0.16866666666666666 0.188
23 0.736 0.14866666666666667 0.07333333333333333 0.05333333333333334
13 0.5693333333333334 0.464 0.034666666666666665 0.03133333333333333
13 0.6373333333333333 0.564 0.015333333333333332 0.014
13 0.7013333333333334 0.5333333333333333 0.013333333333333334 0.018
23 0.768 0.5266666666666666 0.014 0.021333333333333333
13 0.8786666666666667 0.5626666666666666 0.043333333333333335 0.034666666666666665
18 0.55 0.194 0.013333333333333334 0.023333333333333334
17 0.5586666666666666 0.20266666666666666 0.011333333333333334 0.018666666666666668
23 0.21466666666666667 0.536 0.034666666666666665 0.02666666666666667
16 0.10266666666666667 0.63 0.044 0.06666666666666667
16 0.21733333333333332 0.6786666666666666 0.043333333333333335 0.030666666666666665
16 0.6846666666666666 0.9686666666666667 0.082 0.06
16 0.8986666666666666 0.6773333333333333 0.06066666666666667 0.048666666666666664
22 0.6493333333333333 0.4653333333333333 0.037333333333333336 0.042
22 0.6846666666666666 0.3993333333333333 0.03666666666666667 0.03
22 0.7 0.5146666666666667 0.024666666666666667 0.03866666666666667
23 0.3453333333333333 0.422 0.018666666666666668 0.024
16 0.406 0.5653333333333334 0.04133333333333333 0.072
16 0.3546666666666667 0.5733333333333334 0.03666666666666667 0.034666666666666665
16 0.4186666666666667 0.5893333333333334 0.03333333333333333 0.044
16 0.38466666666666666 0.5853333333333334 0.02666666666666667 0.018
13 0.578 0.6853333333333333 0.038 0.036
22 0.584 0.914 0.04666666666666667 0.04466666666666667
22 0.35133333333333333 0.52 0.025333333333333333 0.03333333333333333
23 0.356 0.5066666666666667 0.018666666666666668 0.028
13 0.6253333333333333 0.542 0.030666666666666665 0.018
18 0.8666666666666667 0.5626666666666666 0.056 0.04666666666666667
23 0.222 0.78 0.024 0.02666666666666667
23 0.678 0.912 0.016666666666666666 0.02