14 0.5073333333333333 0.5246666666666666 0.07333333333333333 0.09133333333333334
23 0.4166666666666667 0.5693333333333334 0.05733333333333333 0.043333333333333335
2 0.4066666666666667 0.54 0.011333333333333334 0.016666666666666666
2 0.416 0.5213333333333333 0.016666666666666666 0.018
2 0.436 0.5186666666666667 0.024666666666666667 0.011333333333333334
2 0.436 0.492 0.006666666666666667 0.017333333333333333
2 0.4593333333333333 0.5086666666666667 0.013333333333333334 0.01
2 0.456 0.4713333333333333 0.015333333333333332 0.018
2 0.466 0.49666666666666665 0.01 0.010666666666666666
2 0.4646666666666667 0.49533333333333335 0.015333333333333332 0.008
2 0.462 0.48933333333333334 0.022 0.008
2 0.446 0.49066666666666664 0.006 0.023333333333333334
2 0.4086666666666667 0.5533333333333333 0.014666666666666666 0.008
2 0.41533333333333333 0.5566666666666666 0.015333333333333332 0.009333333333333334
2 0.43866666666666665 0.554 0.011333333333333334 0.004
2 0.174 0.606 0.006666666666666667 0.008
2 0.572 0.06666666666666667 0.006 0.011333333333333334