21 0.23133333333333334 0.6253333333333333 0.13733333333333334 0.13133333333333333
16 0.19533333333333333 0.5666666666666667 0.06466666666666666 0.05333333333333334
13 0.7573333333333333 0.612 0.054 0.03266666666666666
13 0.71 0.7306666666666667 0.05333333333333334 0.030666666666666665
16 0.9766666666666667 0.2713333333333333 0.044 0.025333333333333333
3 0.708 0.5626666666666666 0.082 0.15133333333333332
11 0.9046666666666666 0.5606666666666666 0.03866666666666667 0.020666666666666667
23 0.874 0.5666666666666667 0.025333333333333333 0.015333333333333332
23 0.37133333333333335 0.762 0.016 0.03
23 0.20133333333333334 0.45466666666666666 0.06866666666666667 0.028
23 0.8066666666666666 0.18066666666666667 0.04733333333333333 0.012
23 0.4646666666666667 0.19933333333333333 0.09 0.015333333333333332
23 0.428 0.14933333333333335 0.009333333333333334 0.0033333333333333335
23 0.9013333333333333 0.4013333333333333 0.02 0.01
12 0.26466666666666666 0.8713333333333333 0.017333333333333333 0.09333333333333334
23 0.418 0.7873333333333333 0.023333333333333334 0.025333333333333333
12 0.6133333333333333 0.7946666666666666 0.06466666666666666 0.04533333333333334
18 0.23133333333333334 0.5393333333333333 0.052 0.04133333333333333
14 0.9613333333333334 0.19 0.03666666666666667 0.022
15 0.7193333333333334 0.6333333333333333 0.020666666666666667 0.009333333333333334