5 0.4146666666666667 0.512 0.062 0.050666666666666665
5 0.532 0.4806666666666667 0.06533333333333333 0.042666666666666665
6 0.5946666666666667 0.48533333333333334 0.035333333333333335 0.029333333333333333
6 0.572 0.5113333333333333 0.086 0.02666666666666667
6 0.49733333333333335 0.49733333333333335 0.086 0.032
6 0.49933333333333335 0.47933333333333333 0.076 0.02666666666666667
19 0.534 0.5146666666666667 0.008666666666666666 0.004
12 0.49666666666666665 0.5153333333333333 0.088 0.04933333333333333
12 0.5666666666666667 0.484 0.02666666666666667 0.034666666666666665
23 0.44466666666666665 0.47933333333333333 0.034 0.006
23 0.8633333333333333 0.7973333333333333 0.028 0.014666666666666666
23 0.048666666666666664 0.4673333333333333 0.09466666666666666 0.04666666666666667
11 0.2713333333333333 0.49 0.04933333333333333 0.026
0 0.25666666666666665 0.4886666666666667 0.015333333333333332 0.012666666666666666