0 0.5046666666666667 0.6886666666666666 0.078 0.048666666666666664
2 0.412 0.6226666666666667 0.029333333333333333 0.004
2 0.6086666666666667 0.6853333333333333 0.029333333333333333 0.010666666666666666
2 0.4553333333333333 0.7946666666666666 0.035333333333333335 0.006666666666666667
16 0.42533333333333334 0.742 0.11 0.058666666666666666
16 0.4533333333333333 0.5626666666666666 0.014666666666666666 0.005333333333333333
9 0.368 0.462 0.020666666666666667 0.007333333333333333
2 0.406 0.2633333333333333 0.011333333333333334 0.004
2 0.4066666666666667 0.8986666666666666 0.010666666666666666 0.015333333333333332
2 0.932 0.8726666666666667 0.021333333333333333 0.019333333333333334
2 0.7726666666666666 0.9513333333333334 0.020666666666666667 0.016666666666666666
2 0.16666666666666666 0.6273333333333333 0.028 0.006666666666666667
23 0.3293333333333333 0.38533333333333336 0.014 0.008666666666666666
2 0.656 0.36533333333333334 0.014666666666666666 0.008
23 0.87 0.8053333333333333 0.019333333333333334 0.012