6 0.4513333333333333 0.508 0.08933333333333333 0.08533333333333333
19 0.4866666666666667 0.542 0.015333333333333332 0.012666666666666666
23 0.23533333333333334 0.502 0.027333333333333334 0.06333333333333334
2 0.9133333333333333 0.8706666666666667 0.018 0.021333333333333333
2 0.854 0.352 0.01 0.012666666666666666
2 0.8366666666666667 0.42 0.011333333333333334 0.010666666666666666
2 0.8493333333333334 0.15266666666666667 0.015333333333333332 0.0033333333333333335
2 0.8266666666666667 0.168 0.006666666666666667 0.009333333333333334
2 0.8413333333333334 0.188 0.010666666666666666 0.004
2 0.8146666666666667 0.222 0.007333333333333333 0.010666666666666666
2 0.876 0.304 0.014 0.008
2 0.7346666666666667 0.21666666666666667 0.019333333333333334 0.006666666666666667
2 0.7473333333333333 0.14466666666666667 0.015333333333333332 0.006666666666666667
2 0.6786666666666666 0.12533333333333332 0.012 0.006
2 0.6193333333333333 0.09866666666666667 0.018 0.0033333333333333335
2 0.668 0.07933333333333334 0.010666666666666666 0.0033333333333333335
2 0.6346666666666667 0.048666666666666664 0.013333333333333334 0.005333333333333333
2 0.62 0.08933333333333333 0.014666666666666666 0.006
2 0.6346666666666667 0.064 0.014 0.006666666666666667
2 0.62 0.04933333333333333 0.011333333333333334 0.004666666666666667
2 0.508 0.15 0.01 0.010666666666666666
2 0.5266666666666666 0.12533333333333332 0.014 0.006666666666666667
2 0.5246666666666666 0.10466666666666667 0.013333333333333334 0.006
2 0.454 0.136 0.011333333333333334 0.008666666666666666
2 0.39266666666666666 0.19666666666666666 0.011333333333333334 0.009333333333333334
2 0.3413333333333333 0.5586666666666666 0.018 0.018666666666666668
2 0.21866666666666668 0.5113333333333333 0.013333333333333334 0.013333333333333334
2 0.4226666666666667 0.564 0.019333333333333334 0.011333333333333334
2 0.308 0.5246666666666666 0.013333333333333334 0.012
2 0.30866666666666664 0.576 0.011333333333333334 0.007333333333333333
2 0.428 0.12533333333333332 0.004 0.008666666666666666
2 0.43 0.13733333333333334 0.012 0.006
2 0.51 0.13066666666666665 0.008666666666666666 0.007333333333333333
2 0.9653333333333334 0.258 0.015333333333333332 0.004666666666666667
2 0.846 0.43 0.014 0.015333333333333332
2 0.892 0.204 0.007333333333333333 0.006
2 0.8026666666666666 0.262 0.010666666666666666 0.004