14 0.8533333333333334 0.2926666666666667 0.17333333333333334 0.134
17 0.8693333333333333 0.21133333333333335 0.184 0.10133333333333333
8 0.4673333333333333 0.6593333333333333 0.09866666666666667 0.22733333333333333
2 0.30533333333333335 0.696 0.028 0.024
2 0.394 0.5813333333333334 0.028 0.012666666666666666
2 0.2713333333333333 0.888 0.051333333333333335 0.010666666666666666
2 0.188 0.854 0.044 0.018666666666666668
5 0.3253333333333333 0.492 0.19333333333333333 0.09666666666666666
17 0.418 0.49666666666666665 0.07933333333333334 0.088
18 0.4026666666666667 0.49866666666666665 0.26466666666666666 0.06866666666666667
2 0.42733333333333334 0.5113333333333333 0.02 0.012
2 0.4806666666666667 0.5093333333333333 0.028666666666666667 0.012
2 0.332 0.98 0.024666666666666667 0.026
2 0.46266666666666667 0.37266666666666665 0.008666666666666666 0.018