16 0.07666666666666666 0.2866666666666667 0.138 0.043333333333333335
15 0.08733333333333333 0.3426666666666667 0.06666666666666667 0.05
16 0.13533333333333333 0.394 0.07066666666666667 0.054
18 0.12733333333333333 0.472 0.23933333333333334 0.014666666666666666
23 0.2713333333333333 0.2793333333333333 0.07866666666666666 0.026
2 0.36666666666666664 0.428 0.018 0.035333333333333335
13 0.8973333333333333 0.6933333333333334 0.13066666666666665 0.07
18 0.7353333333333333 0.528 0.22266666666666668 0.13
13 0.762 0.37333333333333335 0.03333333333333333 0.03266666666666666
16 0.8933333333333333 0.42333333333333334 0.10666666666666667 0.07466666666666667
13 0.6946666666666667 0.4706666666666667 0.034666666666666665 0.04066666666666666
16 0.7673333333333333 0.5893333333333334 0.026 0.035333333333333335
18 0.7893333333333333 0.9833333333333333 0.007333333333333333 0.028666666666666667
18 0.7173333333333334 0.9853333333333333 0.076 0.027333333333333334
23 0.09533333333333334 0.952 0.06533333333333333 0.028
18 0.4186666666666667 0.42133333333333334 0.18533333333333332 0.06533333333333333
16 0.3433333333333333 0.314 0.048666666666666664 0.027333333333333334
2 0.326 0.638 0.030666666666666665 0.014
2 0.37 0.6326666666666667 0.018 0.03
2 0.118 0.766 0.03 0.026
2 0.8333333333333334 0.8473333333333334 0.02266666666666667 0.025333333333333333
2 0.4533333333333333 0.632 0.028 0.02666666666666667
2 0.6893333333333334 0.4246666666666667 0.014666666666666666 0.019333333333333334
2 0.7773333333333333 0.4086666666666667 0.037333333333333336 0.018