15 0.5093333333333333 0.4826666666666667 0.05533333333333333 0.03866666666666667
7 0.8026666666666666 0.24933333333333332 0.394 0.24866666666666667
0 0.746 0.44733333333333336 0.03133333333333333 0.019333333333333334
23 0.82 0.5086666666666667 0.024666666666666667 0.016666666666666666
3 0.8426666666666667 0.4126666666666667 0.246 0.08133333333333333
3 0.9673333333333334 0.36333333333333334 0.06266666666666666 0.036
15 0.9466666666666667 0.37333333333333335 0.024 0.02
3 0.974 0.606 0.051333333333333335 0.25933333333333336
9 0.6226666666666667 0.6306666666666667 0.017333333333333333 0.012666666666666666
17 0.9133333333333333 0.5393333333333333 0.08133333333333333 0.05333333333333334
12 0.9606666666666667 0.15533333333333332 0.078 0.04733333333333333