2 0.348 0.126 0.02666666666666667 0.012666666666666666
2 0.3273333333333333 0.166 0.018 0.011333333333333334
2 0.394 0.23466666666666666 0.012666666666666666 0.014666666666666666
2 0.4026666666666667 0.2673333333333333 0.024666666666666667 0.015333333333333332
2 0.5153333333333333 0.32866666666666666 0.028666666666666667 0.017333333333333333
14 0.5073333333333333 0.392 0.10066666666666667 0.052
14 0.5493333333333333 0.38666666666666666 0.03333333333333333 0.04533333333333334
2 0.4746666666666667 0.44133333333333336 0.011333333333333334 0.02
2 0.608 0.5893333333333334 0.04533333333333334 0.010666666666666666
2 0.5426666666666666 0.6433333333333333 0.07 0.02266666666666667
2 0.8726666666666667 0.716 0.04066666666666666 0.03
2 0.27066666666666667 0.438 0.022 0.016666666666666666
2 0.24466666666666667 0.38866666666666666 0.029333333333333333 0.012
23 0.4593333333333333 0.5533333333333333 0.042 0.013333333333333334
23 0.49133333333333334 0.49 0.044 0.013333333333333334
14 0.5826666666666667 0.6826666666666666 0.13866666666666666 0.08
2 0.706 0.7433333333333333 0.09333333333333334 0.028
23 0.618 0.6393333333333333 0.026 0.025333333333333333
2 0.6946666666666667 0.9833333333333333 0.064 0.030666666666666665
23 0.686 0.9133333333333333 0.035333333333333335 0.024
23 0.5426666666666666 0.6006666666666667 0.035333333333333335 0.015333333333333332
23 0.284 0.108 0.024 0.0033333333333333335
23 0.64 0.99 0.052 0.018666666666666668