4 0.6113333333333333 0.44066666666666665 0.37533333333333335 0.47533333333333333
6 0.7586666666666667 0.5606666666666666 0.06133333333333333 0.05266666666666667
6 0.754 0.638 0.04733333333333333 0.10533333333333333
6 0.7086666666666667 0.63 0.044 0.10533333333333333
6 0.682 0.6333333333333333 0.06266666666666666 0.08866666666666667
6 0.762 0.7206666666666667 0.08466666666666667 0.06333333333333334
6 0.7846666666666666 0.7966666666666666 0.05466666666666667 0.09466666666666666
6 0.7233333333333334 0.812 0.06466666666666666 0.11533333333333333
6 0.6466666666666666 0.828 0.07866666666666666 0.10933333333333334
6 0.6786666666666666 0.732 0.08133333333333333 0.09066666666666667
6 0.632 0.7 0.08466666666666667 0.088
6 0.5166666666666667 0.6013333333333334 0.08133333333333333 0.116
6 0.486 0.778 0.06066666666666667 0.12266666666666666
6 0.398 0.4026666666666667 0.06866666666666667 0.12533333333333332
6 0.33866666666666667 0.3453333333333333 0.098 0.11066666666666666
6 0.124 0.4766666666666667 0.06933333333333333 0.13933333333333334
19 0.3006666666666667 0.31666666666666665 0.014666666666666666 0.022
19 0.49333333333333335 0.5626666666666666 0.01 0.009333333333333334
19 0.7086666666666667 0.764 0.010666666666666666 0.012666666666666666
19 0.37933333333333336 0.4646666666666667 0.01 0.008