6 0.5073333333333333 0.49466666666666664 0.102 0.023333333333333334
19 0.542 0.496 0.021333333333333333 0.007333333333333333
2 0.37533333333333335 0.4706666666666667 0.034666666666666665 0.008
2 0.5113333333333333 0.4866666666666667 0.024 0.008
2 0.49933333333333335 0.4866666666666667 0.016 0.006666666666666667
2 0.47333333333333333 0.48333333333333334 0.018 0.0026666666666666666
2 0.6293333333333333 0.5366666666666666 0.02266666666666667 0.008
2 0.614 0.5086666666666667 0.010666666666666666 0.01
10 0.6293333333333333 0.5153333333333333 0.03666666666666667 0.014
10 0.716 0.5126666666666667 0.038 0.012666666666666666
2 0.7446666666666667 0.5533333333333333 0.014 0.010666666666666666
2 0.7013333333333334 0.5486666666666666 0.02 0.010666666666666666
2 0.8606666666666667 0.6126666666666667 0.02 0.012
2 0.9353333333333333 0.642 0.014 0.010666666666666666
2 0.8253333333333334 0.5653333333333334 0.030666666666666665 0.008
16 0.8893333333333333 0.5993333333333334 0.144 0.08666666666666667