12 0.7433333333333333 0.238 0.019333333333333334 0.024
2 0.09733333333333333 0.148 0.022 0.050666666666666665
2 0.03 0.5033333333333333 0.009333333333333334 0.13666666666666666
2 0.23133333333333334 0.9046666666666666 0.028666666666666667 0.05
12 0.7373333333333333 0.936 0.02266666666666667 0.062
12 0.6286666666666667 0.6946666666666667 0.006 0.012
12 0.464 0.7126666666666667 0.006 0.012
12 0.42866666666666664 0.6326666666666667 0.020666666666666667 0.029333333333333333
12 0.346 0.6373333333333333 0.006666666666666667 0.009333333333333334
12 0.2693333333333333 0.9326666666666666 0.008666666666666666 0.013333333333333334
12 0.13466666666666666 0.8133333333333334 0.024 0.052
12 0.7266666666666667 0.2966666666666667 0.012 0.01
23 0.404 0.5526666666666666 0.062 0.06666666666666667
2 0.102 0.5533333333333333 0.016 0.04666666666666667
2 0.182 0.8393333333333334 0.03866666666666667 0.03266666666666666
2 0.23466666666666666 0.9573333333333334 0.026 0.020666666666666667
12 0.698 0.5766666666666667 0.008 0.01