6 0.26666666666666666 0.512 0.04666666666666667 0.124
6 0.30933333333333335 0.5006666666666667 0.04733333333333333 0.13666666666666666
6 0.3506666666666667 0.5086666666666667 0.048666666666666664 0.14466666666666667
6 0.3973333333333333 0.534 0.04933333333333333 0.124
6 0.43933333333333335 0.5213333333333333 0.04933333333333333 0.13933333333333334
6 0.48 0.5026666666666667 0.043333333333333335 0.13066666666666665
6 0.5213333333333333 0.5026666666666667 0.043333333333333335 0.14533333333333334
6 0.5633333333333334 0.5286666666666666 0.04666666666666667 0.146
3 0.604 0.5293333333333333 0.043333333333333335 0.194
6 0.6713333333333333 0.5566666666666666 0.062 0.13466666666666666
6 0.52 0.6213333333333333 0.114 0.06066666666666667
6 0.41333333333333333 0.62 0.1 0.054
6 0.30333333333333334 0.6166666666666667 0.114 0.06066666666666667
23 0.246 0.5973333333333334 0.028 0.036
19 0.31666666666666665 0.5546666666666666 0.016 0.019333333333333334
19 0.352 0.5733333333333334 0.012 0.008666666666666666
19 0.43133333333333335 0.5786666666666667 0.013333333333333334 0.008
19 0.478 0.554 0.01 0.010666666666666666
19 0.522 0.5653333333333334 0.010666666666666666 0.006666666666666667
23 0.44866666666666666 0.3373333333333333 0.024666666666666667 0.015333333333333332
23 0.414 0.3413333333333333 0.038 0.022
23 0.38666666666666666 0.352 0.023333333333333334 0.038
23 0.6506666666666666 0.3913333333333333 0.02266666666666667 0.035333333333333335
23 0.612 0.9066666666666666 0.006666666666666667 0.023333333333333334
15 0.6066666666666667 0.618 0.02 0.015333333333333332