4 0.2633333333333333 0.2806666666666667 0.13066666666666665 0.03133333333333333
4 0.3473333333333333 0.35333333333333333 0.06066666666666667 0.242
3 0.5293333333333333 0.43733333333333335 0.04733333333333333 0.028666666666666667
15 0.5093333333333333 0.448 0.008 0.006
15 0.476 0.294 0.009333333333333334 0.005333333333333333
15 0.498 0.24333333333333335 0.009333333333333334 0.0033333333333333335
3 0.49733333333333335 0.26666666666666666 0.020666666666666667 0.04666666666666667
5 0.528 0.2786666666666667 0.02666666666666667 0.027333333333333334
13 0.532 0.25866666666666666 0.042 0.014666666666666666
16 0.3606666666666667 0.106 0.028 0.058666666666666666
2 0.65 0.6746666666666666 0.019333333333333334 0.007333333333333333