5 0.82 0.25666666666666665 0.024666666666666667 0.017333333333333333
5 0.26866666666666666 0.44333333333333336 0.027333333333333334 0.019333333333333334
16 0.464 0.9593333333333334 0.10266666666666667 0.08066666666666666
10 0.5146666666666667 0.986 0.064 0.025333333333333333
2 0.3453333333333333 0.8326666666666667 0.013333333333333334 0.004
2 0.36466666666666664 0.8413333333333334 0.014666666666666666 0.006
2 0.36666666666666664 0.8486666666666667 0.014666666666666666 0.007333333333333333
2 0.37066666666666664 0.852 0.010666666666666666 0.004666666666666667
2 0.3993333333333333 0.8473333333333334 0.014666666666666666 0.009333333333333334
2 0.376 0.782 0.011333333333333334 0.010666666666666666
2 0.37533333333333335 0.742 0.017333333333333333 0.008
2 0.26866666666666666 0.718 0.010666666666666666 0.011333333333333334
2 0.252 0.5186666666666667 0.004 0.010666666666666666
2 0.7813333333333333 0.9773333333333334 0.017333333333333333 0.005333333333333333
2 0.36733333333333335 0.7486666666666667 0.008666666666666666 0.005333333333333333