3 0.8706666666666667 0.6306666666666667 0.062 0.102
3 0.40066666666666667 0.5793333333333334 0.052 0.09933333333333333
6 0.3433333333333333 0.5826666666666667 0.08466666666666667 0.04
9 0.43133333333333335 0.6253333333333333 0.011333333333333334 0.010666666666666666
9 0.49333333333333335 0.628 0.012 0.012
15 0.458 0.67 0.014 0.013333333333333334
15 0.4166666666666667 0.6233333333333333 0.020666666666666667 0.012
9 0.49933333333333335 0.622 0.011333333333333334 0.010666666666666666
10 0.112 0.5386666666666666 0.22133333333333333 0.11466666666666667
13 0.37866666666666665 0.5333333333333333 0.03666666666666667 0.018666666666666668
23 0.9433333333333334 0.7606666666666667 0.029333333333333333 0.019333333333333334
23 0.9833333333333333 0.722 0.030666666666666665 0.006
23 0.7593333333333333 0.7186666666666667 0.011333333333333334 0.018
12 0.42933333333333334 0.6653333333333333 0.011333333333333334 0.012
23 0.636 0.7266666666666667 0.011333333333333334 0.012
2 0.102 0.7026666666666667 0.006666666666666667 0.021333333333333333