3 0.35 0.506 0.098 0.022
3 0.6066666666666667 0.378 0.05733333333333333 0.02266666666666667
3 0.5373333333333333 0.32066666666666666 0.018666666666666668 0.012
8 0.3233333333333333 0.402 0.018 0.028
23 0.03266666666666666 0.47333333333333333 0.024666666666666667 0.011333333333333334
23 0.4053333333333333 0.468 0.018 0.01
23 0.4646666666666667 0.44266666666666665 0.012666666666666666 0.007333333333333333
23 0.894 0.198 0.021333333333333333 0.006666666666666667
23 0.37066666666666664 0.27066666666666667 0.009333333333333334 0.004
14 0.6353333333333333 0.4646666666666667 0.028 0.018666666666666668
13 0.45066666666666666 0.44333333333333336 0.018 0.01
6 0.5853333333333334 0.2806666666666667 0.009333333333333334 0.010666666666666666